11
2
-2
16
3
-2
9
17
5
5
10
7
36
6
81
4
-4
6
-3
9
-1
36
2
2
5
5
5
9
3
13
-2
25
8
2
6
3
49
5
-6
7
11
8
11
8
10
13
12
13
7
10
5
-3
64
6
5
2
7
9
1
3
1
11
81
-7
2
8
7
5
3
2
-2
6
-1
-2
-5
9
12
8
17
-7
8
6
64
6
11
-2
5
1
9
6
-6
25
10
3
4
3
8
3
4
10
-2
6
6
3
9
5
-5
5
13
-6
6
-8
10
11
1
-1
6
15
17
-4
7
3
-2
36
8
14
6
5
25
8
8
-1
-1
10
13
12
-6
9
12
2
4
81
5
-2
9
4
9
4
1
-2
6
25
3
13
7
8
2
6
2
4
7
5
11
-2
2
5
-4
36
4
11
8
9
8
4
-3
6
6
64
-1
12
5
5
10
11
14
25
15
14
6
-4
4
14
-5
0
7
-4
9
-9
3
9
1
-3
64
36
7
-7
3
11
-5
2
6
10
1
7
6
-6
11
6
-7
5
-8
-2
10
-3
3
13
4
3
9
5
13
14
5
-3
-1
8
9
14
9
-2
6
-5
9
3
-3
11
8
-5
5
17
6
-1
4
-2
1
10
17
-2
8
12
6
14
16
7
5
8
13
7
1
15
6
6
-2
13
3
49
7
6
9
81
0
11
4
-7
13
10
12
2
9
6
1
-8
11
-4
-7
4
5
12
8
8
-8
-2
7
11
2
3
64
1
3
11
5
5
15
16
8
13
17
81
17
8
11
9
14
9
8
2
16
1
4
-1
-2
9
-4
7
12
1
6
9
64
-3
-1
9
15
-7
9
5
-1
10
-3
8
7
13
9
9
10
10
9
13
-3
7
6
-5
-2
13
-1
-4
5
13
3
3
1
12
9
-2
-6
4
0
11
8
64
-1
6
13
3
-2
11
-1
5
16
-3
-9
16
1
8
-1
10
9
-2
-5
-2
64
-5
3
17
3
7
8
7
5
8
3
-4
9
4
1
3
81
4
-1
5
-9
16
17
7
17
8
-4
7
9
9
1
0
5
-2
9
2
10
3
-6
11
3
81
6
4
4
16
13
6
4
-7
10
-2
12
1
49
25
-8
-1
14
4
25
6
1
9
2
2
5
12
1
2
15
1
8
15
11
11
13
2
5
3
36
5
3
10
16
-6
-1
4
9
-3
10
6
2
-3
10
-2
0
-2
-2
-1
12
-1
3
13
-7
11
11
1
11
6
4
81
9
-3
9
5
13
-3
36
7
-9
9
2
13
3
2
36
14
1
8
6
4
1
-5
-1
64
-1
36
7
7
-4
-3
-4
-4
11
2
9
5
2
5
6
4
14
12
-7
-3
7
-1
6
9
8
6
9
17
2
-2
1
5
8
1
6
-6
49
1
4
-2
9
2
-6
6
1
1
9
2
2
-7
8
3
6
-2
0
1
1
4
5
7
10
1
2
16
9
36
1
4
6
1
6
11
12
17
-3
1
-7
2
-2
3
9
49
12
-1
25
1
5
7
9
25
8
-2
6
3
7
6
7
15
10
8
4
2
25
7
1
-4
3
64
-2
6
5
2
64
10
36
-4
-1
7
-2
-8
12
1
6
3
-2
2
-6
-1
-2
7
5
4
-4
81
12
-7
1
11
1
-2
17
7
4
3
11
11
-2
64
7
-3
13
7
3
14
1
2
-4
8
5
-4
7
-4
5
3
3
16
14
15
7
-2
15
9
-2
-3
49
4
-7
9
11
36
-1
3
11
5
-2
2
3
-6
-6
-1
-1
8
9
8
4
-1
11
10
-7
-1
49
-3
5
4
13
0
-2
2
8
2
13
2
10
12
2
6
1
-3
-4
7
2
16
17
15
-2
-1
4
17
1
-2
7
3
10
15
-6
15
5
6
-7
-1
6
14
81
1
-6
-7
-5
25
-6
17
12
10
10
2
-6
2
7
10
16
11
11
8
7
4
36
-4
14
15
8
-2
9
4
5
6
2
11
5
10
-1
-9
12
5
-2
-3
6
11
2
-7
13
-2
-7
25
11
8
4
9
14
5
3
2
13
-3
-3
-1
0
-5
9
-3
-1
3
-1
7
4
10
8
5
2
9
-8
10
10
11
10
-8
-3
6
2
7
11
8
-6
9
8
5
15
4
15
-3
7
9
-2
1
9
5
81
11
13
49
81
16
8
10
5
-1
-3
10
-6
8
36
7
3
-1
8
-6
5
5
25
25
-5
8
5
6
12
3
7
5
9
-1
7
5
9
7
3
1
-5
25
14
-2
8
4
2
2
1
4
17
6
-4
2
-1
1
10
8
3
2
81
7
-1
3
-1
7
0
14
4
12
16
2
16
5
7
11
9
8
-1
-3
17
-2
11
-1
5
-4
-4
-6
16
-1
1
10
13
1
2
1
11
-4
-1
81
15
16
5
11
13
5
11
9
-2
-3
11
-1
2
5
12
2
-4
10
10
2
